name: radikool
channels:
  - defaults
dependencies:
  - altgraph=0.17.4=py313haa95532_0
  - annotated-doc=0.0.4=py313haa95532_0
  - annotated-types=0.6.0=py313haa95532_1
  - anyio=4.10.0=py313haa95532_0
  - bzip2=1.0.8=h2bbff1b_6
  - ca-certificates=2025.12.2=haa95532_0
  - certifi=2026.01.04=py313haa95532_0
  - click=8.2.1=py313haa95532_1
  - colorama=0.4.6=py313haa95532_0
  - dnspython=2.8.0=py313haa95532_0
  - email-validator=2.3.0=py313haa95532_0
  - fastapi=0.128.0=py313haa95532_0
  - fastapi-cli=0.0.20=py313haa95532_0
  - fastapi-core=0.128.0=py313haa95532_0
  - h11=0.16.0=py313haa95532_1
  - httpcore=1.0.9=py313haa95532_0
  - httptools=0.7.1=py313h02ab6af_0
  - httpx=0.28.1=py313haa95532_1
  - idna=3.11=py313haa95532_0
  - jinja2=3.1.6=py313haa95532_0
  - libexpat=2.7.3=h885b0b7_4
  - libffi=3.4.4=hd77b12b_1
  - libmpdec=4.0.0=h827c3e9_0
  - libzlib=1.3.1=h02ab6af_0
  - markdown-it-py=4.0.0=py313haa95532_1
  - markupsafe=3.0.2=py313h827c3e9_0
  - mdurl=0.1.2=py313haa95532_0
  - openssl=3.0.19=hbb43b14_0
  - packaging=25.0=py313haa95532_1
  - pefile=2023.2.7=py313haa95532_0
  - pip=25.3=pyhc872135_0
  - pydantic=2.12.4=py313haa95532_0
  - pydantic-core=2.41.5=py313h114bc41_1
  - pydantic-extra-types=2.11.0=py313haa95532_0
  - pydantic-settings=2.12.0=py313haa95532_0
  - pygments=2.19.2=py313haa95532_0
  - pyinstaller=6.12.0=py313h0416ee5_0
  - pyinstaller-hooks-contrib=2025.1=py313haa95532_0
  - python=3.13.11=h260b955_100_cp313
  - python-dotenv=1.2.1=py313haa95532_0
  - python-multipart=0.0.20=py313haa95532_0
  - python_abi=3.13=3_cp313
  - pywin32-ctypes=0.2.3=py313haa95532_0
  - pyyaml=6.0.3=py313hb9a58be_0
  - rich=14.2.0=py313haa95532_0
  - rich-toolkit=0.17.1=py313haa95532_0
  - setuptools=80.10.1=py313haa95532_0
  - shellingham=1.5.4=py313haa95532_0
  - sniffio=1.3.1=py313haa95532_0
  - sqlite=3.51.1=hda9a48d_0
  - starlette=0.47.3=py313haa95532_0
  - tk=8.6.15=hf199647_0
  - typer=0.20.0=py313haa95532_0
  - typer-slim=0.20.0=py313haa95532_0
  - typer-slim-standard=0.20.0=py313haa95532_0
  - typing-extensions=4.15.0=py313haa95532_0
  - typing-inspection=0.4.2=py313haa95532_0
  - typing_extensions=4.15.0=py313haa95532_0
  - tzdata=2025c=he532380_0
  - ucrt=10.0.22621.0=haa95532_0
  - uvicorn=0.40.0=py313haa95532_0
  - uvicorn-standard=0.40.0=py313haa95532_0
  - vc=14.3=h2df5915_10
  - vc14_runtime=14.44.35208=h4927774_10
  - vs2015_runtime=14.44.35208=ha6b5a95_10
  - watchfiles=1.1.1=py313h114bc41_1
  - websockets=15.0.1=py313h827c3e9_0
  - wheel=0.46.3=py313haa95532_0
  - xz=5.6.4=h4754444_1
  - yaml=0.2.5=he774522_0
  - zlib=1.3.1=h02ab6af_0
  